subjID	trial	cue	keyPressed	outcome	rt
1	1	3	0	-1	0.9106086
1	2	4	0	-1	1.256202
1	3	4	1	-1	1.51056
1	4	2	0	0	1.066378
1	5	3	1	0	1.177373
1	6	4	1	0	1.266242
1	7	4	1	-1	1.233017
1	8	2	0	0	1.077724
1	9	1	1	0	1.688136
1	10	4	0	0	1.221806
1	11	3	1	-1	1.41018
1	12	4	1	0	1.488384
1	13	4	0	0	1.221707
1	14	2	0	0	1.010896
1	15	1	1	0	1.032896
1	16	3	1	0	1.243984
1	17	2	0	-1	1.010429
1	18	3	1	-1	1.277086
1	19	1	1	0	1.42167
1	20	3	1	-1	1.210569
1	21	2	0	0	1.04389
1	22	4	1	0	1.69814
1	23	1	1	-1	1.410518
1	24	3	0	-1	0.8889864
1	25	3	1	-1	1.654678
1	26	3	0	0	0.9995003
1	27	1	1	0	1.132721
1	28	4	1	0	1.699265
1	29	2	0	-1	0.9664307
1	30	1	1	0	1.277346
1	31	4	1	-1	1.588401
1	32	3	0	0	1.288233
1	33	2	1	-1	1.310477
1	34	3	1	-1	1.699378
1	35	4	0	0	1.575674
1	36	2	0	0	1.221745
1	37	2	1	0	1.821314
1	38	1	1	0	1.832502
1	39	4	0	-1	1.232475
1	40	4	1	0	2.510252
1	41	1	1	0	1.710203
1	42	3	1	0	1.965839
1	43	3	1	0	2.509884
1	44	2	0	0	1.399439
1	45	1	1	0	2.06584
1	46	2	0	0	1.088601
1	47	3	1	-1	2.010284
1	48	3	1	-1	1.810364
1	49	2	0	0	0.9439918
1	50	1	1	0	1.232885
1	51	1	1	0	1.24438
1	52	4	0	-1	1.232636
1	53	1	1	0	1.177346
1	54	2	0	0	0.8884426
1	55	1	1	-1	1.232702
1	56	2	0	0	1.110564
1	57	4	1	0	2.143231
1	58	1	1	0	1.289
1	59	1	1	-1	1.199371
1	60	2	0	0	0.9998098
1	61	4	1	-1	2.510072
1	62	4	0	0	1.45496
1	63	4	0	-1	1.076396
1	64	3	1	0	1.466102
1	65	3	1	-1	2.010131
1	66	2	0	0	0.9220445
1	67	1	1	0	1.521492
1	68	2	0	0	0.9664521
1	69	2	0	0	0.9108674
1	70	4	0	-1	1.632525
1	71	1	1	0	1.288396
1	72	4	1	-1	1.754762
1	73	1	1	0	1.188147
1	74	4	0	-1	0.8330547
1	75	2	0	0	0.8325729
1	76	1	1	0	1.043874
1	77	3	1	0	1.288295
1	78	2	0	0	0.8553238
1	79	3	1	0	1.310858
1	80	3	1	0	1.299675
1	81	1	1	0	1.477034
1	82	4	0	0	0.8553945
1	83	4	0	0	0.8772755
1	84	2	0	-1	0.988472
1	85	1	1	-1	1.066094
1	86	3	1	-1	1.676973
1	87	2	0	0	0.7885216
1	88	1	1	0	1.199204
1	89	3	1	-1	1.266257
1	90	2	0	0	0.8661474
1	91	4	1	0	0.9773444
1	92	2	0	-1	1.154601
1	93	1	1	0	0.9993836
1	94	2	0	0	0.8331164
1	95	1	1	0	1.199583
1	96	1	1	0	0.9664925
1	97	4	0	0	0.9886246
1	98	1	1	0	1.31049
1	99	3	1	-1	1.332612
1	100	2	0	-1	0.8664623
1	101	2	0	0	0.7998435
1	102	4	0	-1	1.432969
1	103	4	1	0	1.444106
1	104	1	1	0	1.099424
1	105	4	1	-1	1.188364
1	106	2	0	0	0.9445211
1	107	1	1	-1	1.144131
1	108	3	1	0	1.787899
1	109	4	0	-1	1.276966
1	110	3	1	-1	2.032449
1	111	1	1	-1	1.010759
1	112	3	1	-1	1.588253
1	113	1	1	0	1.555179
1	114	3	0	0	1.277145
1	115	4	0	0	1.143988
1	116	3	1	0	2.51007
1	117	3	1	0	2.510176
1	118	3	1	-1	2.376509
1	119	2	0	0	0.8996419
1	120	2	0	0	0.8888105
1	121	3	1	0	1.788224
1	122	4	0	0	1.366024
1	123	3	1	0	2.509782
1	124	2	0	0	0.8103356
1	125	1	1	-1	2.510182
1	126	3	1	0	2.509965
1	127	3	1	0	2.509855
1	128	3	1	0	2.510179
1	129	2	0	0	0.999531
1	130	4	0	0	1.19937
1	131	1	1	0	1.055007
1	132	2	0	0	0.7887034
1	133	1	1	0	0.999649
1	134	3	1	-1	1.110557
1	135	2	0	0	0.8215092
1	136	3	1	-1	1.0661
1	137	1	1	0	0.9323888
1	138	4	0	0	0.9104109
1	139	4	0	-1	0.7883878
1	140	1	1	0	0.9772052
1	141	4	0	0	0.8551955
1	142	1	1	-1	1.010993
1	143	4	0	0	1.01082
1	144	3	1	0	1.043736
1	145	3	1	0	0.9554017
1	146	1	1	0	0.9997417
1	147	1	1	0	0.855076
1	148	4	0	-1	0.8550122
1	149	2	0	0	0.9219553
1	150	2	0	-1	0.7438566
1	151	4	0	0	0.8552069
1	152	4	0	0	0.7106588
1	153	1	1	0	0.9107496
1	154	2	0	0	0.688724
1	155	1	1	0	1.010588
1	156	3	1	0	1.021967
1	157	4	0	0	0.955247
1	158	4	0	0	0.6995159
1	159	1	1	-1	0.9548587
1	160	1	1	0	0.8108042
1	161	2	0	-1	0.6886965
1	162	3	1	-1	0.8107356
1	163	2	0	0	0.710699
1	164	4	0	0	0.9217165
1	165	1	1	0	0.8219677
1	166	3	1	0	0.9665821
1	167	3	1	0	0.833024
1	168	2	0	0	0.7769281
1	169	4	0	0	0.7551954
1	170	2	0	0	0.6995478
1	171	2	0	-1	0.7884113
1	172	4	0	-1	0.7884957
1	173	3	1	0	0.9218898
1	174	3	1	0	0.7772804
1	175	4	0	0	0.9329972
1	176	2	0	0	0.7668322
1	177	1	1	0	0.843979
1	178	2	0	0	0.6883174
1	179	2	0	0	0.6225147
1	180	1	1	0	1.04412
1	181	2	0	0	0.9110106
1	182	3	1	0	0.9771188
1	183	2	0	0	0.7662361
1	184	1	1	-1	0.7772387
1	185	3	1	-1	0.8885725
1	186	4	0	-1	0.755141
1	187	3	1	0	0.7552665
1	188	3	1	-1	0.7664611
1	189	4	0	0	0.8326733
1	190	1	1	0	0.8554225
1	191	2	0	0	0.7660286
1	192	2	0	0	0.8996617
1	193	4	0	0	0.9655264
1	194	4	0	0	0.7330975
1	195	3	1	0	0.9550582
1	196	1	1	0	0.9995145
1	197	3	1	0	0.8219563
1	198	1	1	-1	0.8993486
1	199	4	0	-1	0.7552444
1	200	3	1	0	0.8331262
1	201	3	1	0	0.7441811
1	202	1	1	0	0.9222811
1	203	4	0	-1	0.6886492
1	204	2	0	0	0.8109502
1	205	3	1	0	0.8219361
1	206	4	0	0	0.9105452
1	207	2	0	0	0.7107978
1	208	4	0	0	0.5441973
1	209	3	1	0	0.7664744
1	210	2	0	0	0.7108279
1	211	2	0	-1	0.6883867
1	212	2	0	-1	0.6553094
1	213	1	1	0	0.7330533
1	214	4	0	0	0.7552522
1	215	4	0	0	0.6884858
1	216	3	1	0	0.9107491
1	217	3	1	0	0.7441424
1	218	4	0	0	0.6774149
1	219	1	1	0	0.733052
1	220	3	0	-1	1.066712
1	221	2	0	0	0.6433686
1	222	1	1	0	0.8769507
1	223	1	1	0	0.7107518
1	224	1	1	0	0.6551502
1	225	4	0	0	0.8550477
1	226	4	0	0	0.8550743
1	227	2	0	-1	0.7219914
1	228	1	1	0	0.8216515
1	229	3	1	0	0.9329035
1	230	1	1	-1	0.8994192
1	231	1	1	0	0.6887201
1	232	1	1	0	0.5774541
1	233	2	0	0	0.6884206
1	234	3	1	-1	0.8109555
1	235	4	0	0	0.7551603
1	236	2	0	0	0.6776406
1	237	1	1	0	0.7996816
1	238	2	0	0	0.6997793
1	239	4	0	0	0.7550693
1	240	2	0	0	0.7664902
2	1	3	1	0	2.510076
2	2	4	0	-1	2.498586
2	3	4	0	0	1.177147
2	4	2	0	0	1.299573
2	5	3	1	0	1.709992
2	6	4	0	-1	0.5665215
2	7	4	0	-1	0.9223685
2	8	2	0	0	1.377254
2	9	1	1	0	1.955092
2	10	4	1	-1	1.354706
2	11	3	1	-1	2.065973
2	12	4	0	0	1.254614
2	13	4	0	0	1.055058
2	14	2	0	0	1.421428
2	15	1	0	-1	2.288183
2	16	3	0	-1	1.976889
2	17	2	0	-1	1.177251
2	18	3	0	-1	2.509974
2	19	1	1	0	1.532472
2	20	3	1	-1	1.731756
2	21	2	0	0	1.332522
2	22	4	0	-1	2.376848
2	23	1	1	-1	1.66582
2	24	3	1	0	2.509762
2	25	3	1	-1	1.598053
2	26	3	1	-1	2.121281
2	27	1	1	0	2.51034
2	28	4	0	0	1.988042
2	29	2	0	-1	1.621646
2	30	1	0	-1	1.832513
2	31	4	1	-1	2.509952
2	32	3	0	0	2.509964
2	33	2	0	-1	2.343464
2	34	3	0	0	2.287775
2	35	4	0	0	2.510045
2	36	2	1	-1	2.510005
2	37	2	0	0	1.766102
2	38	1	0	-1	2.287824
2	39	4	0	-1	2.232273
2	40	4	0	-1	1.432801
2	41	1	1	0	2.510258
2	42	3	1	0	2.510094
2	43	3	0	-1	1.055471
2	44	2	1	-1	2.509879
2	45	1	0	-1	1.899175
2	46	2	1	0	1.888431
2	47	3	1	-1	2.176922
2	48	3	0	0	1.243873
2	49	2	0	0	2.509973
2	50	1	0	-1	2.210061
2	51	1	0	-1	2.509988
2	52	4	1	-1	1.255165
2	53	1	1	0	1.632659
2	54	2	1	0	1.277201
2	55	1	1	-1	2.132645
2	56	2	1	-1	2.287611
2	57	4	0	0	1.899352
2	58	1	0	-1	1.277327
2	59	1	1	-1	1.499327
2	60	2	1	-1	2.510002
2	61	4	0	-1	1.998907
2	62	4	1	0	1.543774
2	63	4	1	-1	0.7551152
2	64	3	1	0	2.321076
2	65	3	1	-1	1.532273
2	66	2	1	-1	1.610349
2	67	1	0	0	1.887891
2	68	2	0	0	1.64354
2	69	2	1	-1	2.410085
2	70	4	1	-1	1.999083
2	71	1	1	0	2.509629
2	72	4	0	0	1.310387
2	73	1	1	0	1.777084
2	74	4	0	-1	1.232499
2	75	2	0	0	2.165811
2	76	1	1	0	2.509979
2	77	3	1	0	2.510104
2	78	2	0	0	2.510137
2	79	3	1	0	1.81031
2	80	3	1	0	2.143692
2	81	1	1	0	1.587668
2	82	4	1	0	2.010228
2	83	4	1	0	0.8666484
2	84	2	1	-1	1.499254
2	85	1	1	-1	1.599216
2	86	3	1	-1	2.510105
2	87	2	0	0	1.010679
2	88	1	0	-1	1.876945
2	89	3	1	-1	2.510121
2	90	2	0	0	2.032483
2	91	4	0	-1	2.509875
2	92	2	1	-1	2.510227
2	93	1	0	-1	2.010111
2	94	2	1	-1	2.510133
2	95	1	0	0	2.509592
2	96	1	0	-1	1.388352
2	97	4	1	-1	2.021185
2	98	1	0	-1	2.510187
2	99	3	1	-1	2.509801
2	100	2	1	-1	1.565929
2	101	2	0	0	1.510688
2	102	4	0	-1	2.409994
2	103	4	0	-1	1.543881
2	104	1	1	0	2.187826
2	105	4	1	-1	1.16619
2	106	2	0	0	2.254532
2	107	1	1	-1	1.466109
2	108	3	1	0	2.510292
2	109	4	1	0	1.321801
2	110	3	1	-1	0.9103473
2	111	1	0	-1	1.610386
2	112	3	1	-1	1.399554
2	113	1	0	-1	1.877038
2	114	3	1	-1	2.054894
2	115	4	0	0	2.509879
2	116	3	1	0	1.510589
2	117	3	1	0	1.088135
2	118	3	1	-1	0.6994936
2	119	2	1	-1	1.688289
2	120	2	0	0	1.577379
2	121	3	1	0	2.320905
2	122	4	1	-1	1.466981
2	123	3	1	0	1.255209
2	124	2	1	-1	2.321039
2	125	1	1	-1	1.521777
2	126	3	1	0	1.388426
2	127	3	1	0	1.110579
2	128	3	1	0	0.8109849
2	129	2	0	0	1.354881
2	130	4	0	0	1.443773
2	131	1	0	0	1.154985
2	132	2	0	0	1.143732
2	133	1	0	-1	1.110664
2	134	3	1	-1	1.243903
2	135	2	1	0	1.288122
2	136	3	0	-1	1.310715
2	137	1	1	0	1.521691
2	138	4	1	-1	1.777037
2	139	4	0	-1	1.787894
2	140	1	0	-1	2.398877
2	141	4	0	0	2.509458
2	142	1	0	-1	2.232476
2	143	4	1	-1	1.888153
2	144	3	1	0	1.254959
2	145	3	1	0	0.8407198
2	146	1	1	0	0.9996131
2	147	1	1	0	1.010419
2	148	4	0	-1	2.509897
2	149	2	1	-1	1.744075
2	150	2	0	-1	1.921751
2	151	4	0	0	2.510108
2	152	4	0	0	1.888042
2	153	1	1	0	2.065812
2	154	2	1	-1	1.63276
2	155	1	1	0	1.543619
2	156	3	1	0	1.599371
2	157	4	1	-1	2.509956
2	158	4	1	-1	2.510066
2	159	1	0	-1	1.410298
2	160	1	1	0	0.9551176
2	161	2	1	-1	2.476559
2	162	3	1	-1	1.277241
2	163	2	0	0	1.343796
2	164	4	1	0	2.509873
2	165	1	1	0	1.843524
2	166	3	1	0	0.8883678
2	167	3	1	0	0.9660062
2	168	2	0	0	2.509979
2	169	4	1	-1	2.27702
2	170	2	1	-1	1.388267
2	171	2	0	-1	1.388251
2	172	4	0	-1	1.510378
2	173	3	1	0	1.032567
2	174	3	1	0	1.055304
2	175	4	0	0	2.154818
2	176	2	1	-1	1.466219
2	177	1	1	0	1.277129
2	178	2	1	-1	2.054641
2	179	2	0	0	1.155077
2	180	1	1	0	1.054461
2	181	2	0	0	1.799413
2	182	3	1	0	2.399225
2	183	2	0	0	1.299438
2	184	1	1	-1	1.85474
2	185	3	1	-1	0.6442377
2	186	4	1	-1	1.676717
2	187	3	1	0	1.166116
2	188	3	1	-1	0.8548183
2	189	4	0	0	1.932441
2	190	1	0	-1	1.366213
2	191	2	0	0	1.999229
2	192	2	0	0	1.465928
2	193	4	0	0	1.743578
2	194	4	0	0	1.954389
2	195	3	1	0	1.477134
2	196	1	1	0	0.9327019
2	197	3	1	0	1.122261
2	198	1	1	-1	0.866122
2	199	4	0	-1	1.5556
2	200	3	1	0	1.600241
2	201	3	1	0	1.033042
2	202	1	1	0	1.344131
2	203	4	0	-1	1.621169
2	204	2	1	-1	1.954727
2	205	3	1	0	1.510588
2	206	4	0	0	1.399564
2	207	2	0	0	1.78827
2	208	4	0	0	1.721519
2	209	3	1	0	1.465917
2	210	2	0	0	1.155214
2	211	2	0	-1	1.41054
2	212	2	0	-1	2.021454
2	213	1	1	0	2.443264
2	214	4	0	0	1.588173
2	215	4	0	0	1.288638
2	216	3	0	-1	2.509948
2	217	3	1	0	1.643614
2	218	4	0	0	2.510387
2	219	1	1	0	1.521183
2	220	3	1	0	2.509983
2	221	2	0	0	1.599098
2	222	1	1	0	1.521655
2	223	1	1	0	1.032936
2	224	1	1	0	0.8443796
2	225	4	0	0	0.8775287
2	226	4	0	0	1.355128
2	227	2	0	-1	2.099412
2	228	1	1	0	1.410093
2	229	3	1	0	1.155153
2	230	1	1	-1	1.043955
2	231	1	0	0	1.55461
2	232	1	0	0	1.199594
2	233	2	1	0	1.655112
2	234	3	1	-1	1.377287
2	235	4	0	0	1.366306
2	236	2	0	0	2.509939
2	237	1	1	0	2.332383
2	238	2	0	0	2.509289
2	239	4	0	0	1.677037
2	240	2	0	0	2.054704
3	1	3	1	0	1.02168
3	2	4	1	0	0.9772189
3	3	4	1	-1	0.877631
3	4	2	0	0	0.7886219
3	5	3	0	0	0.8883489
3	6	4	1	0	1.354988
3	7	4	0	-1	0.5440457
3	8	2	1	-1	1.588365
3	9	1	0	0	0.6111169
3	10	4	0	0	0.5887309
3	11	3	0	0	0.7996203
3	12	4	0	0	0.8550361
3	13	4	0	0	0.5775492
3	14	2	0	0	1.055398
3	15	1	0	-1	1.077321
3	16	3	0	-1	1.132774
3	17	2	0	-1	2.343347
3	18	3	0	-1	1.010502
3	19	1	1	0	1.066361
3	20	3	0	-1	1.464608
3	21	2	0	0	1.599207
3	22	4	1	0	1.576973
3	23	1	1	-1	0.8886591
3	24	3	0	-1	0.8999829
3	25	3	1	-1	1.088446
3	26	3	0	0	1.278888
3	27	1	1	0	0.8884002
3	28	4	0	0	0.8107693
3	29	2	1	-1	1.143717
3	30	1	0	-1	1.232748
3	31	4	0	-1	0.8214889
3	32	3	0	0	0.9770561
3	33	2	1	-1	1.177222
3	34	3	0	0	1.410503
3	35	4	0	0	1.032889
3	36	2	1	-1	0.9444031
3	37	2	0	0	1.19965
3	38	1	1	0	0.9775598
3	39	4	0	-1	0.9664294
3	40	4	1	0	1.266041
3	41	1	1	0	0.7660253
3	42	3	0	-1	0.8883173
3	43	3	1	0	0.877191
3	44	2	0	0	1.266438
3	45	1	1	0	0.7996516
3	46	2	0	0	1.19933
3	47	3	0	0	1.177274
3	48	3	1	-1	1.399473
3	49	2	0	0	1.133119
3	50	1	1	0	0.9208754
3	51	1	1	0	0.8220463
3	52	4	1	-1	0.8876781
3	53	1	1	0	1.276905
3	54	2	0	0	0.9326258
3	55	1	1	-1	1.210381
3	56	2	0	0	1.255194
3	57	4	0	0	0.9439804
3	58	1	1	0	1.377453
3	59	1	1	-1	1.632142
3	60	2	0	0	1.221589
3	61	4	0	-1	0.921862
3	62	4	1	0	1.566076
3	63	4	1	-1	0.9774809
3	64	3	0	0	0.9328411
3	65	3	0	-1	0.8773502
3	66	2	0	0	1.142854
3	67	1	1	0	1.17703
3	68	2	0	0	0.7447672
3	69	2	0	0	0.5997108
3	70	4	1	-1	1.34377
3	71	1	0	0	0.7773142
3	72	4	0	0	0.5998262
3	73	1	0	-1	0.7110123
3	74	4	0	-1	1.010627
3	75	2	0	0	0.7890191
3	76	1	1	0	0.9216443
3	77	3	0	-1	0.7771087
3	78	2	0	0	0.6662791
3	79	3	1	0	1.266062
3	80	3	1	0	1.088498
3	81	1	1	0	1.044107
3	82	4	1	0	1.177422
3	83	4	1	0	1.010613
3	84	2	0	-1	0.6556876
3	85	1	1	-1	0.9328132
3	86	3	0	0	0.766301
3	87	2	0	0	0.733125
3	88	1	0	-1	0.6883152
3	89	3	1	-1	1.377475
3	90	2	0	0	0.6106924
3	91	4	0	-1	0.7902431
3	92	2	0	-1	0.7663957
3	93	1	1	0	1.210732
3	94	2	0	0	0.7551969
3	95	1	1	0	0.9776546
3	96	1	1	0	0.9661183
3	97	4	0	0	1.210428
3	98	1	1	0	1.399166
3	99	3	0	0	1.02169
3	100	2	0	-1	0.7997504
3	101	2	0	0	0.9885206
3	102	4	0	-1	0.7218962
3	103	4	0	-1	0.8328344
3	104	1	1	0	1.066298
3	105	4	1	-1	0.7439724
3	106	2	0	0	0.8329723
3	107	1	1	-1	1.488307
3	108	3	0	-1	0.8217327
3	109	4	0	-1	0.9553565
3	110	3	1	-1	1.077998
3	111	1	0	-1	0.8662297
3	112	3	1	-1	1.654981
3	113	1	1	0	1.099529
3	114	3	1	-1	1.39949
3	115	4	0	0	0.8651674
3	116	3	0	-1	1.077039
3	117	3	0	-1	0.8551498
3	118	3	1	-1	1.199476
3	119	2	0	0	0.8553374
3	120	2	0	0	0.9108346
3	121	3	1	0	1.321765
3	122	4	0	0	0.9436699
3	123	3	1	0	1.332623
3	124	2	0	0	0.6109316
3	125	1	1	-1	1.032818
3	126	3	1	0	1.221616
3	127	3	1	0	1.032908
3	128	3	1	0	0.8772726
3	129	2	0	0	0.777854
3	130	4	0	0	0.7884426
3	131	1	1	0	0.8995215
3	132	2	0	0	0.6664988
3	133	1	1	0	0.8991877
3	134	3	1	-1	1.099623
3	135	2	0	0	0.7657911
3	136	3	1	-1	1.02162
3	137	1	1	0	1.588255
3	138	4	0	0	0.5995299
3	139	4	0	-1	0.62186
3	140	1	1	0	0.9441717
3	141	4	1	0	1.010816
3	142	1	1	-1	1.166069
3	143	4	1	-1	0.9220784
3	144	3	0	-1	1.83268
3	145	3	1	0	1.410383
3	146	1	1	0	1.543677
3	147	1	1	0	1.02193
3	148	4	1	-1	2.509874
3	149	2	0	0	0.6999522
3	150	2	0	-1	0.5887097
3	151	4	0	0	1.077557
3	152	4	0	0	0.6773828
3	153	1	1	0	2.221249
3	154	2	0	0	0.6442338
3	155	1	0	-1	0.788396
3	156	3	1	0	0.9662522
3	157	4	0	0	0.7551459
3	158	4	0	0	1.032727
3	159	1	1	-1	0.8883461
3	160	1	1	0	2.509895
3	161	2	0	-1	0.7553704
3	162	3	1	-1	2.510071
3	163	2	0	0	0.8442064
3	164	4	0	0	0.8550819
3	165	1	1	0	1.854966
3	166	3	1	0	1.599549
3	167	3	1	0	0.9881018
3	168	2	0	0	0.8662814
3	169	4	0	0	0.7440248
3	170	2	0	0	0.6773087
3	171	2	0	-1	0.6221424
3	172	4	0	-1	0.8000351
3	173	3	1	0	1.443991
3	174	3	1	0	1.03289
3	175	4	0	0	0.8218767
3	176	2	0	0	0.7331823
3	177	1	1	0	2.232114
3	178	2	0	0	0.7883497
3	179	2	0	0	0.7884768
3	180	1	1	0	2.110387
3	181	2	0	0	0.8216773
3	182	3	1	0	1.088254
3	183	2	0	0	0.7444031
3	184	1	1	-1	0.7774071
3	185	3	1	-1	0.9715685
3	186	4	0	-1	0.6663587
3	187	3	1	0	1.443688
3	188	3	1	-1	0.8331295
3	189	4	0	0	0.8439782
3	190	1	1	0	0.9328834
3	191	2	0	0	0.7661846
3	192	2	0	0	0.7329094
3	193	4	0	0	0.6773814
3	194	4	0	0	0.6775605
3	195	3	1	0	1.155233
3	196	1	1	0	1.2995
3	197	3	1	0	0.888326
3	198	1	1	-1	1.432669
3	199	4	0	-1	0.7887262
3	200	3	1	0	0.9777712
3	201	3	1	0	1.298707
3	202	1	1	0	1.054938
3	203	4	0	-1	0.9770675
3	204	2	0	0	0.8105468
3	205	3	1	0	1.132726
3	206	4	1	-1	0.9329326
3	207	2	0	0	0.8109432
3	208	4	0	0	0.8220209
3	209	3	1	0	1.288443
3	210	2	0	0	1.699078
3	211	2	0	-1	0.8553473
3	212	2	0	-1	0.7773215
3	213	1	1	0	0.9549845
3	214	4	0	0	1.121344
3	215	4	0	0	0.7219974
3	216	3	1	0	0.8883777
3	217	3	1	0	0.7217384
3	218	4	0	0	0.8550699
3	219	1	1	0	0.8995321
3	220	3	1	0	0.9218231
3	221	2	0	0	0.7890327
3	222	1	1	0	0.9320977
3	223	1	1	0	0.9552936
3	224	1	1	0	0.9219728
3	225	4	0	0	0.8997934
3	226	4	0	0	0.7331585
3	227	2	0	-1	0.8106187
3	228	1	1	0	1.021857
3	229	3	1	0	1.055043
3	230	1	1	-1	1.077495
3	231	1	1	0	1.121561
3	232	1	1	0	0.699722
3	233	2	0	0	1.010975
3	234	3	1	-1	1.621766
3	235	4	0	0	0.8663529
3	236	2	0	0	0.5995647
3	237	1	1	0	1.27711
3	238	2	0	0	0.6331677
3	239	4	0	0	0.8550526
3	240	2	0	0	0.810894
4	1	3	1	0	0.3445385
4	2	4	1	0	1.17711
4	3	4	1	-1	0.9439971
4	4	2	0	0	1.976938
4	5	3	1	0	0.9882566
4	6	4	0	-1	1.232924
4	7	4	1	-1	0.7887883
4	8	2	0	0	1.154828
4	9	1	0	0	1.199465
4	10	4	1	-1	1.243956
4	11	3	1	-1	1.254984
4	12	4	0	0	0.8994566
4	13	4	0	0	0.7994564
4	14	2	0	0	0.966181
4	15	1	0	-1	0.744036
4	16	3	1	0	1.19976
4	17	2	0	-1	1.321312
4	18	3	1	-1	1.321769
4	19	1	0	-1	0.9773188
4	20	3	1	-1	1.699043
4	21	2	0	0	0.6109971
4	22	4	0	-1	0.877171
4	23	1	0	0	0.8888229
4	24	3	1	0	1.165905
4	25	3	1	-1	0.910801
4	26	3	0	0	0.9661768
4	27	1	0	-1	0.6887335
4	28	4	0	0	0.7222409
4	29	2	0	-1	0.6330671
4	30	1	0	-1	1.032753
4	31	4	0	-1	1.288355
4	32	3	1	0	1.055394
4	33	2	0	-1	0.6773043
4	34	3	1	-1	0.9551566
4	35	4	1	-1	1.288217
4	36	2	1	-1	1.010492
4	37	2	0	0	0.5440691
4	38	1	0	-1	0.7445725
4	39	4	1	-1	1.477174
4	40	4	0	-1	1.210617
4	41	1	1	0	0.7774602
4	42	3	1	0	0.8776482
4	43	3	1	0	0.8562433
4	44	2	1	-1	1.610618
4	45	1	1	0	0.7883555
4	46	2	0	0	0.9775565
4	47	3	1	-1	0.9327667
4	48	3	1	-1	0.8108633
4	49	2	0	0	1.310873
4	50	1	1	0	1.288267
4	51	1	1	0	0.8217831
4	52	4	0	-1	1.149112
4	53	1	1	0	0.8557812
4	54	2	0	0	1.632611
4	55	1	1	-1	0.9660356
4	56	2	0	0	0.8218428
4	57	4	0	0	0.9218656
4	58	1	1	0	0.9439858
4	59	1	1	-1	0.9772641
4	60	2	0	0	0.8324595
4	61	4	0	-1	0.9218776
4	62	4	1	0	1.221707
4	63	4	1	-1	1.088056
4	64	3	1	0	1.232785
4	65	3	1	-1	0.8999097
4	66	2	0	0	0.6776476
4	67	1	1	0	0.8996455
4	68	2	0	0	0.7216344
4	69	2	0	0	0.6335714
4	70	4	0	-1	1.044056
4	71	1	1	0	1.043496
4	72	4	0	0	0.6776245
4	73	1	1	0	1.13259
4	74	4	0	-1	0.7664108
4	75	2	0	0	0.7664716
4	76	1	1	0	1.044065
4	77	3	1	0	1.166016
4	78	2	0	0	0.755394
4	79	3	1	0	1.044111
4	80	3	1	0	0.9886283
4	81	1	1	0	1.165992
4	82	4	1	0	1.377044
4	83	4	1	0	1.010628
4	84	2	0	-1	0.7662178
4	85	1	1	-1	1.055135
4	86	3	1	-1	0.9216497
4	87	2	0	0	0.732861
4	88	1	1	0	1.033107
4	89	3	1	-1	0.866729
4	90	2	0	0	0.9443511
4	91	4	0	-1	0.7549185
4	92	2	0	-1	0.9216393
4	93	1	1	0	1.010323
4	94	2	0	0	0.6995772
4	95	1	0	0	1.221851
4	96	1	0	-1	0.9551635
4	97	4	1	-1	1.022011
4	98	1	0	-1	0.9107261
4	99	3	1	-1	0.7665501
4	100	2	0	-1	0.6551074
4	101	2	0	0	0.755113
4	102	4	1	0	1.210588
4	103	4	1	0	0.932879
4	104	1	1	0	1.14412
4	105	4	1	-1	1.144103
4	106	2	0	0	0.732925
4	107	1	0	0	1.17736
4	108	3	1	0	0.9550571
4	109	4	1	0	0.9551513
4	110	3	1	-1	0.9111257
4	111	1	1	-1	1.066299
4	112	3	1	-1	0.955394
4	113	1	0	-1	0.8549753
4	114	3	0	0	0.8108814
4	115	4	0	0	0.7548932
4	116	3	0	-1	0.810856
4	117	3	1	0	0.8332286
4	118	3	1	-1	0.7442185
4	119	2	0	0	0.7663732
4	120	2	0	0	0.5549624
4	121	3	1	0	1.110461
4	122	4	0	0	0.8996517
4	123	3	1	0	0.9109029
4	124	2	0	0	0.7332426
4	125	1	1	-1	1.032759
4	126	3	1	0	0.9106762
4	127	3	1	0	0.9440742
4	128	3	1	0	0.8887361
4	129	2	0	0	0.8775054
4	130	4	1	-1	1.132955
4	131	1	1	0	0.9659164
4	132	2	0	0	0.7992131
4	133	1	1	0	1.057279
4	134	3	1	-1	1.210417
4	135	2	0	0	0.8550106
4	136	3	1	-1	0.8330855
4	137	1	1	0	1.143869
4	138	4	1	-1	1.256309
4	139	4	1	-1	1.032977
4	140	1	1	0	0.7994385
4	141	4	0	0	1.144278
4	142	1	1	-1	1.021853
4	143	4	0	0	0.5996606
4	144	3	1	0	0.9442079
4	145	3	1	0	0.8548196
4	146	1	1	0	1.021745
4	147	1	1	0	0.899777
4	148	4	1	-1	1.366034
4	149	2	0	0	0.8442789
4	150	2	0	-1	0.7215403
4	151	4	0	0	0.8969477
4	152	4	0	0	0.6885445
4	153	1	1	0	1.07727
4	154	2	0	0	0.733086
4	155	1	1	0	0.8883235
4	156	3	1	0	0.9775121
4	157	4	0	0	0.8662791
4	158	4	0	0	0.6998475
4	159	1	1	-1	0.97734
4	160	1	1	0	1.11066
4	161	2	0	-1	0.7217582
4	162	3	1	-1	0.9554639
4	163	2	0	0	0.6887986
4	164	4	0	0	0.9330601
4	165	1	1	0	1.143651
4	166	3	1	0	0.8883296
4	167	3	1	0	0.9773
4	168	2	0	0	0.8662392
4	169	4	0	0	0.9988981
4	170	2	0	0	0.8775063
4	171	2	0	-1	0.8328556
4	172	4	0	-1	1.032903
4	173	3	1	0	0.9215927
4	174	3	1	0	0.8217703
4	175	4	0	0	0.8772699
4	176	2	0	0	0.8217259
4	177	1	1	0	1.310789
4	178	2	0	0	0.8329146
4	179	2	0	0	0.7663642
4	180	1	1	0	1.277197
4	181	2	0	0	0.8218163
4	182	3	1	0	0.9999877
4	183	2	0	0	0.7885585
4	184	1	1	-1	0.9666908
4	185	3	1	-1	1.032715
4	186	4	0	-1	1.076921
4	187	3	1	0	1.221659
4	188	3	1	-1	0.9992847
4	189	4	1	-1	0.9774137
4	190	1	1	0	0.966167
4	191	2	0	0	0.7887746
4	192	2	0	0	0.666342
4	193	4	0	0	0.5665946
4	194	4	0	0	0.6112832
4	195	3	1	0	1.010697
4	196	1	1	0	1.166346
4	197	3	1	0	0.8220814
4	198	1	1	-1	0.8773255
4	199	4	0	-1	0.7884461
4	200	3	1	0	0.8437658
4	201	3	1	0	0.9106586
4	202	1	1	0	1.088331
4	203	4	0	-1	0.8218057
4	204	2	0	0	0.8663295
4	205	3	1	0	0.977828
4	206	4	0	0	0.7550361
4	207	2	0	0	0.8664143
4	208	4	0	0	0.8550218
4	209	3	1	0	1.010445
4	210	2	0	0	0.8109279
4	211	2	0	-1	0.6768715
4	212	2	0	-1	0.7440494
4	213	1	1	0	1.399763
4	214	4	0	0	1.099588
4	215	4	0	0	0.6328892
4	216	3	1	0	1.110581
4	217	3	1	0	1.110574
4	218	4	0	0	1.010717
4	219	1	1	0	0.9551321
4	220	3	1	0	1.077645
4	221	2	0	0	0.8114612
4	222	1	1	0	1.044509
4	223	1	1	0	0.8884781
4	224	1	1	0	0.8884301
4	225	4	0	0	0.6884792
4	226	4	0	0	0.6445421
4	227	2	0	-1	0.6328702
4	228	1	1	0	0.9995961
4	229	3	1	0	1.055111
4	230	1	1	-1	1.277113
4	231	1	1	0	1.23304
4	232	1	1	0	1.099466
4	233	2	0	0	0.7663032
4	234	3	1	-1	0.9556131
4	235	4	0	0	0.7327228
4	236	2	0	0	0.7221473
4	237	1	1	0	1.255071
4	238	2	0	0	0.7551519
4	239	4	0	0	0.8327462
4	240	2	0	0	0.6775997